0 0.375000 0.281250 0.161765 0.100236
0 0.463235 0.340802 0.140756 0.127358
0 0.315126 0.374410 0.184874 0.119104
0 0.188025 0.408019 0.111345 0.063679
0 0.086134 0.319575 0.176471 0.155660
0 0.094538 0.466392 0.147059 0.064858
0 0.380252 0.465212 0.273109 0.038915
0 0.538866 0.527123 0.144958 0.080189
0 0.296218 0.561321 0.184874 0.103774
0 0.227941 0.616745 0.161765 0.077830
0 0.110294 0.609670 0.191176 0.165094
0 0.282563 0.689269 0.128151 0.050708
0 0.409664 0.656250 0.172269 0.076651
0 0.567227 0.791863 0.109244 0.045991
0 0.392857 0.778892 0.134454 0.053066
