0 0.414916 0.265920 0.161765 0.130896
0 0.353992 0.332547 0.123950 0.108491
0 0.427521 0.410967 0.165966 0.109670
0 0.221639 0.432193 0.262605 0.100236
0 0.203782 0.329599 0.172269 0.074292
0 0.123950 0.534788 0.155462 0.095519
0 0.427521 0.631486 0.128151 0.107311
0 0.534664 0.501179 0.174370 0.077830
0 0.731092 0.494693 0.142857 0.130896
0 0.616597 0.570755 0.161765 0.051887
0 0.127101 0.752948 0.165966 0.097877
0 0.269958 0.712264 0.128151 0.042453
0 0.418067 0.719340 0.134454 0.056604
0 0.325630 0.772995 0.134454 0.045991
