0 0.288866 0.273585 0.203782 0.139151
0 0.281513 0.403892 0.222689 0.071934
0 0.086134 0.467571 0.130252 0.079009
0 0.274160 0.515330 0.165966 0.089623
0 0.112395 0.553066 0.119748 0.054245
0 0.225840 0.645637 0.275210 0.123821
0 0.444328 0.558962 0.128151 0.101415
0 0.460084 0.441038 0.126050 0.108491
0 0.585084 0.492335 0.174370 0.102594
0 0.677521 0.451061 0.178571 0.055425
0 0.720588 0.522995 0.130252 0.062500
0 0.722689 0.575472 0.134454 0.042453
0 0.602941 0.618514 0.159664 0.116745
0 0.517857 0.703420 0.090336 0.064858
0 0.506303 0.773585 0.117647 0.044811
0 0.715336 0.687500 0.115546 0.063679
