0 0.500000 0.062500 1.000000 0.125000
0 0.135504 0.238208 0.199580 0.198113
0 0.295168 0.255307 0.128151 0.135613
0 0.387605 0.335495 0.174370 0.095519
0 0.162815 0.424528 0.165966 0.077830
0 0.343487 0.441627 0.123950 0.060142
0 0.419118 0.525943 0.191176 0.091981
0 0.283613 0.535377 0.084034 0.049528
0 0.215336 0.557193 0.128151 0.081368
0 0.321429 0.602005 0.163866 0.093160
0 0.449580 0.636792 0.092437 0.040094
0 0.584034 0.570165 0.075630 0.107311
0 0.606092 0.483491 0.107143 0.051887
0 0.757353 0.524175 0.136555 0.067217
0 0.747899 0.577241 0.147059 0.067217
0 0.686975 0.610259 0.096639 0.036557
0 0.774160 0.663325 0.069328 0.074292
0 0.590336 0.707547 0.163866 0.141509
0 0.299370 0.756486 0.224790 0.140330
0 0.638655 0.783019 0.134454 0.068396
