0 0.112395 0.124410 0.128151 0.135613
0 0.215336 0.255896 0.128151 0.075472
0 0.176471 0.339033 0.130252 0.048349
0 0.125000 0.418632 0.069328 0.047170
0 0.093487 0.465802 0.136555 0.058962
0 0.221639 0.448113 0.115546 0.061321
0 0.407563 0.428066 0.105042 0.077830
0 0.399160 0.502948 0.239496 0.086085
0 0.277311 0.548939 0.121849 0.133255
0 0.385504 0.602594 0.119748 0.089623
0 0.305672 0.666863 0.157563 0.083726
0 0.609244 0.646816 0.247899 0.083726
0 0.260504 0.758255 0.130252 0.070755
0 0.468487 0.793042 0.113445 0.034198
